0
1
2
3
4
5
6
7
8
9
10
11
12
13
14
15
16
17
18
19
20
21
22
23
24
25
26
27
28
29
30
31
32
33
34
35
36
37
38
39
40
41
42
43
44
45
46
47
48
49
50
51
52
53
54
55
56
57
58
59
60
61
62
63
64
65
66
67
68
69
70
71
72
73
74
75
76
77
78
79
80
81
82
83
84
85
86
87
88
89
90
91
92
93
94
95
96
97
98
99
100
101
102
103
104
105
106
107
108
109
110
111
112
113
114
115
116
117
118
119
120
121
122
123
124
125
126
127
128
129
130
131
132
133
134
135
136
137
138
139
140
141
142
143
144
145
146
147
148
149
150
151
152
153
154
155
156
157
158
159
160
161
162
163
164
165
166
167
168
169
170
171
172
173
174
175
176
177
178
179
180
181
182
183
184
185
186
187
188
189
190
191
192
193
194
196
198
199
200
201
202
203
204
205
207
208
210
211
212
213
214
215
216
218
221
222
223
224
225
226
227
228
231
234
235
238
240
241
242
243
244
245
249
250
251
252
254
256
257
259
262
263
264
267
268
269
271
274
275
276
277
279
285
288
289
290
291
292
294
295
296
303
306
311
315
316
322
323
326
327
328
336
343
347
354
355
360
365
366
369
371
373
374
385
389
396
403
404
407
408
409
410
412
413
417
418
420
423
427
430
435
437
438
446
449
450
453
455
456
459
460
462
463
475
476
477
481
483
485
486
491
492
493
499
500
501
504
506
510
513
514
516
517
518
519
521
526
527
529
532
534
536
539
540
542
543
547
550
551
553
554
556
557
560
561
563
564
566
567
569
570
571
574
576
578
579
581
582
583
584
585
586
587
588
589
591
594
596
597
599
600
601
602
605
607
608
609
610
611
612
613
615
617
619
622
623
625
626
629
630
631
633
635
636
637
638
639
640
642
645
648
649
650
656
657
658
659
660
661
662
663
665
666
667
668
669
671
672
673
674
677
679
680
681
682
683
685
686
687
688
690
693
694
695
696
697
699
701
702
704
705
706
707
708
709
710
711
715
717
718
719
720
721
724
725
726
727
728
730
731
732
733
734
736
737
738
739
740
741
742
744
745
747
748
749
750
752
753
754
755
757
758
759
760
761
762
764
765
766
768
769
771
772
773
774
775
776
777
778
780
781
782
783
784
785
786
789
793
796
797
798
799
800
802
803
804
805
806
807
808
809
810
811
812
816
818
819
820
821
822
823
825
827
828
829
831
832
833
834
835
836
840
843
845
846
848
849
851
853
854
855
856
857
858
861
862
863
864
866
869
870
871
873
876
877
879
880
883
884
885
887
890
892
893
894
895
896
897
899
900
901
903
906
909
910
911
914
919
923
924
925
926
927
928
929
932
933
935
938
940
941
942
943
945
947
948
952
954
958
959
960
962
964
965
968
970
975
977
978
979
980
981
984
987
988
990
993
994
995
998
1003
1004
1005
1009
1013
1017
1018
1019
1020
1022
1024
1025
1026
1029
1030
1031
1032
1033
1034
1041
1044
1048
1050
1054
1056
1057
1059
1060
1061
1062
1063
1071
1074
1075
1077
1081
1088
1090
1091
1093
1095
1097
1099
1100
1103
1105
1107
1109
1112
1118
1120
1122
1123
1126
1128
1131
1132
1133
1134
1138
1140
1142
1143
1145
1150
1153
1154
1157
1160
1164
1165
1166
1169
1170
1172
1176
1177
1181
1185
1189
1192
1193
1195
1196
1202
1204
1206
1210
1211
1216
1220
1221
1222
1226
1231
1233
1235
1236
1242
1249
1250
1251
1256
1257
1263
1265
1266
1269
1272
1274
1275
1282
1286
1290
1292
1295
1300
1303
1307
1308
1310
1317
1321
1326
1330
1335
1339
1340
1344
1345
1348
1349
1353
1354
1355
1358
1362
1364
1372
1374
1377
1383
1384
1386
1388
1393
1396
1400
1403
1407
1408
1411
1413
1415
1420
1423
1429
1430
1435
1437
1441
1442
1443
1449
1450
1452
1457
1465
1467
1469
1470
1471
1472
1474
1475
1476
1477
1478
1485
1487
1494
1495
1496
1497
1502
1505
1506
1509
1510
1511
1513
1515
1518
1520
1521
1523
1525
1528
1531
1536
1542
1544
1546
1547
1550
1551
1553
1554
1556
1559
1562
1564
1568
1569
1570
1573
1574
1576
1580
1581
1588
1592
1597
1598
1599
1602
1607
1608
1609
1612
1613
1614
1621
1625
1626
1627
1630
1631
1632
1636
1637
1639
1640
1646
1655
1661
1662
1663
1665
1667
1668
1670
1672
1673
1676
1678
1679
1684
1688
1694
1695
1697
1698
1699
1700
1703
1705
1706
1708
1709
1710
1714
1722
1723
1725
1726
1730
1731
1733
1736
1737
1740
1745
1748
1751
1756
1758
1759
1761
1762
1763
1764
1765
1766
1768
1770
1775
1778
1782
1784
1785
1789
1790
1791
1792
1798
1800
1801
1803
1807
1810
1813
1816
1822
1823
1830
1831
1832
1834
1836
1839
1841
1843
1844
1846
1848
1859
1860
1862
1863
1864
1866
1868
1870
1873
1879
1881
1882
1886
1888
1889
1895
1898
1899
1901
1904
1905
1908
1912
1917
1918
1919
1924
1929
1930
1932
1933
1937
1940
1941
1945
1948
1949
1952
1953
1954
1957
1958
1961
1965
1968
1973
1975
1976
1979
1980
1981
1983
1989
1991
1992
1995
1997
1999
2000
2001
2002
2009
2014
2015
2017
2018
2023
2024
2025
2028
2029
2034
2035
2039
2042
2043
2045
2049
2050
2054
2061
2063
2066
2068
2074
2077
2080
2082
2083
2084
2086
2087
2090
2098
2104
2108
2111
2115
2116
2119
2120
2132
2133
2136
2146
2158
2161
2176
2177
2188
2202
2205
2206
2213
2216
2218
2229
2243
2253
2260
2271
2283
2305
2311
2318
2328
2332
2345
2355
2363
2370
2372
2397
2446
2448
2476
2504
2506
2516
2533
2534
2556
2564
2570
2586
2590
2595
2605
2629
2636
2637
2638
2640
2649
2664
2668
2670
2673
2684
2694
2700
2702
2711
2712
2731
2737
2751
2752
2754
2760
2761
2763
2767
2770
2773
2775
2777
2786
2789
2800
2806
2808
2825
2827
2828
2833
2836
2846
2849
2851
2853
2854
2856
2862
2867
2868
2874
2881
2884
2892
2895
2898
2900
2911
2914
2915
2917
2921
2922
2924
2932
2937
2948
2950
2951
2952
2955
2956
2958
2959
2961
2967
2969
2970
2973
2979
2980
2986
2991
2993
2995
2999
3000
3001
3002
3003
3004
3005
3009
3011
3013
3014
3018
3019
3021
3024
3026
3028
3029
3030
3033
3035
3040
3041
3043
3046
3049
3050
3054
3055
3056
3057
3058
3060
3062
3068
3069
3070
3072
3074
3076
3079
3081
3082
3083
3085
3087
3088
3090
3093
3095
3097
3100
3101
3102
3103
3104
3105
3106
3108
3109
3110
3111
3112
3113
3114
3115
3118
3120
3121
3122
3123
3124
3125
3126
3127
3129
3130
3131
3132
3134
3135
3137
3142
3144
3145
3147
3153
3154
3155
3156
3157
3159
3160
3161
3162
3163
3164
3165
3166
3168
3169
3170
3172
3173
3174
3175
3176
3177
3178
3180
3181
3182
3183
3184
3185
3186
3187
3188
3191
3193
3196
3203
3204
3205
3206
3209
3210
3211
3212
3213
3214
3215
3216
3217
3218
3219
3220
3221
3222
3223
3227
3228
3229
3230
3231
3232
3233
3235
3236
3237
3238
3239
3240
3241
3242
3243
3244
3248
3249
3250
3253
3254
3256
3263
3264
3265
3266
3267
3268
3269
3271
3272
3273
3274
3275
3276
3277
3278
3280
3282
3284
3287
3288
3289
3290
3291
3292
3294
3295
3296
3298
3299
3302
3303
3304
3306
3307
3312
3313
3314
3315
3316
3317
3318
3319
3321
3323
3324
3325
3327
3329
3330
3334
3337
3339
3340
3341
3343
3344
3345
3347
3348
3349
3350
3351
3352
3353
3356
3357
3360
3362
3363
3364
3366
3367
3368
3370
3372
3374
3376
3378
3379
3380
3381
3382
3383
3385
3386
3390
3391
3393
3395
3396
3397
3398
3401
3402
3403
3404
3405
3406
3408
3409
3410
3411
3412
3414
3415
3416
3418
3419
3421
3423
3427
3428
3429
3430
3432
3433
3434
3437
3438
3440
3441
3442
3443
3444
3446
3448
3449
3450
3451
3453
3454
3456
3457
3459
3461
3462
3464
3466
3467
3468
3470
3472
3473
3474
3475
3477
3478
3481
3483
3485
3486
3487
3488
3489
3490
3491
3492
3494
3496
3498
3501
3502
3503
3505
3506
3508
3509
3510
3511
3513
3514
3518
3520
3523
3524
3525
3527
3529
3530
3532
3533
3534
3535
3536
3539
3540
3541
3542
3543
3545
3546
3547
3548
3549
3550
3551
3552
3555
3556
3557
3560
3561
3562
3563
3567
3570
3571
3574
3575
3576
3577
3578
3579
3580
3582
3583
3584
3585
3586
3588
3589
3590
3591
3593
3594
3598
3599
3600
3602
3603
3604
3606
3607
3609
3614
3616
3617
3620
3621
3622
3623
3624
3625
3626
3627
3630
3633
3634
3635
3636
3637
3639
3640
3642
3643
3645
3646
3647
3649
3651
3652
3653
3654
3655
3656
3657
3659
3661
3662
3664
3667
3669
3670
3671
3674
3675
3676
3677
3678
3679
3680
3681
3682
3685
3686
3687
3690
3691
3692
3694
3696
3697
3698
3700
3702
3703
3705
3706
3707
3709
3711
3712
3716
3717
3718
3720
3723
3725
3726
3727
3728
3730
3731
3732
3733
3735
3736
3737
3739
3740
3741
3744
3745
3746
3748
3749
3751
3752
3754
3756
3757
3758
3759
3760
3762
3763
3764
3765
3769
3771
3774
3775
3776
3778
3779
3780
3782
3783
3784
3785
3786
3787
3788
3790
3791
3792
3793
3795
3801
3802
3803
3804
3805
3807
3808
3811
3813
3814
3815
3817
3818
3819
3820
3821
3822
3825
3826
3827
3830
3831
3832
3833
3834
3835
3836
3837
3839
3844
3845
3846
3847
3848
3849
3850
3851
3852
3853
3854
3857
3858
3859
3862
3863
3865
3866
3869
3871
3872
3873
3874
3877
3878
3880
3881
3882
3883
3885
3886
3887
3889
3892
3893
3894
3896
3899
3900
3901
3902
3903
3904
3907
3908
3909
3911
3913
3914
3916
3917
3918
3919
3921
3922
3923
3924
3925
3926
3928
3929
3931
3932
3934
3935
3936
3938
3942
3946
3948
3949
3950
3951
3953
3954
3955
3956
3958
3959
3960
3961
3962
3964
3965
3966
3967
3969
3970
3971
3973
3975
3976
3979
3980
3982
3985
3988
3989
3990
3991
3992
3993
3994
3997
3998
3999
4000
4003
4004
4006
4007
4009
4010
4011
4012
4013
4014
4015
4016
4017
4018
4020
4021
4022
4024
4025
4026
4028
4029
4031
4032
4035
4037
4038
4039
4040
4041
4042
4044
4045
4046
4048
4050
4051
4052
4054
4055
4056
4058
4060
4061
4062
4064
4065
4067
4069
4070
4071
4073
4076
4078
4079
4080
4081
4083
4084
4085
4086
4087
4088
4089
4090
4091
4094
4095
4097
4101
4102
4103
4104
4105
4109
4110
4113
4115
4116
4120
4121
4122
4123
4125
4126
4127
4128
4130
4131
4133
4135
4136
4138
4139
4140
4141
4142
4143
4144
4146
4147
4148
4149
4150
4151
4153
4154
4155
4156
4157
4159
4160
4162
4164
4166
4168
4169
4171
4172
4173
4175
4176
4178
4179
4181
4182
4183
4184
4185
4186
4187
4190
4191
4192
4193
4194
4196
4199
4200
4203
4207
4208
4210
4211
4213
4214
4215
4216
4217
4220
4221
4222
4223
4227
4228
4229
4230
4231
4234
4235
4238
4239
4241
4243
4244
4245
4246
4247
4249
4250
4251
4252
4253
4254
4255
4257
4258
4260
4262
4265
4266
4268
4270
4271
4272
4274
4278
4280
4281
4283
4284
4287
4288
4289
4290
4292
4293
4294
4296
4298
4299
4301
4302
4304
4305
4307
4308
4309
4310
4311
4314
4316
4318
4319
4320
4322
4324
4325
4326
4327
4328
4333
4334
4335
4336
4337
4339
4340
4341
4343
4344
4345
4348
4351
4352
4353
4354
4357
4358
4359
4360
4361
4362
4363
4364
4365
4367
4368
4369
4370
4374
4376
4377
4378
4379
4381
4382
4384
4388
4391
4392
4393
4394
4397
4400
4402
4403
4405
4406
4407
4409
4410
4412
4413
4414
4418
4420
4421
4423
4424
4426
4427
4430
4431
4434
4435
4436
4440
4441
4442
4444
4445
4446
4447
4448
4450
4451
4453
4454
4457
4458
4459
4461
4462
4463
4468
4469
4471
4472
4477
4480
4481
4482
4483
4484
4489
4491
4493
4494
4497
4499
4503
4507
4515
4516
4518
4521
4522
4523
4525
4526
4530
4532
4534
4536
4538
4541
4542
4547
4550
4552
4554
4556
4558
4559
4566
4567
4569
4571
4575
4576
4578
4580
4583
4588
4590
4591
4592
4593
4597
4598
4599
4604
4606
4607
4610
4611
4619
4621
4623
4624
4625
4626
4627
4631
4635
4638
4639
4642
4646
4647
4652
4653
4654
4656
4660
4661
4662
4663
4671
4672
4676
4677
4679
4685
4686
4689
4690
4691
4694
4696
4700
4702
4703
4707
4709
4710
4715
4719
4723
4725
4727
4735
4737
4738
4739
4743
4744
4747
4748
4750
4754
4757
4758
4761
4763
4766
4769
4771
4772
4775
4776
4779
4781
4782
4786
4787
4790
4793
4795
4798
4799
4800
4802
4805
4806
4808
4814
4821
4823
4825
4827
4828
4829
4832
4834
4837
4839
4843
4844
4846
4847
4849
4850
4854
4856
4859
4862
4865
4868
4869
4871
4872
4877
4881
4883
4885
4886
4887
4888
4891
4893
4895
4897
4900
4901
4904
4906
4911
4913
4917
4921
4923
4924
4925
4926
4927
4931
4932
4933
4936
4939
4941
4944
4945
4950
4953
4956
4958
4959
4962
4963
4964
4966
4969
4971
4972
4974
4975
4977
4983
4984
4985
4986
4987
4991
4992
4994
4996
4997
4998
5003
5004
5006
5009
5011
5012
5014
5016
5017
5018
5022
5023
5024
5028
5031
5032
5033
5036
5037
5039
5042
5043
5044
5048
5049
5051
5054
5056
5058
5060
5063
5065
5068
5071
5073
5075
5076
5077
5080
5082
5087
5090
5091
5095
5097
5099
5100
5101
5102
5103
5112
5114
5118
5120
5122
5124
5125
5128
5129
5133
5139
5142
5144
5145
5147
5150
5152
5156
5157
5159
5163
5165
5169
5170
5174
5175
5177
5179
5182
5183
5186
5187
5191
5194
5199
5202
5203
5204
5208
5209
5212
5214
5216
5218
5220
5221
5222
5225
5228
5232
5235
5238
5240
5241
5245
5247
5248
5250
5252
5254
5256
5257
5261
5263
5265
5267
5268
5271
5273
5274
5281
5282
5283
5284
5290
5291
5292
5294
5297
5298
5301
5303
5304
5306
5308
5309
5310
5313
5316
5319
5322
5327
5328
5329
5330
5333
5334
5338
5340
5345
5348
5349
5350
5355
5358
5361
5367
5368
5371
5372
5374
5375
5377
5378
5381
5383
5385
5388
5390
5394
5398
5399
5406
5407
5409
5411
5419
5420
5423
5424
5427
5431
5432
5434
5436
5438
5440
5442
5444
5446
5452
5453
5460
5461
5466
5467
5470
5473
5475
5476
5477
5479
5481
5483
5486
5491
5494
5496
5497
5498
5504
5505
5508
5509
5511
5512
5522
5523
5526
5527
5529
5533
5535
5536
5537
5540
5543
5544
5545
5547
5548
5549
5552
5553
5555
5558
5559
5561
5567
5568
5570
5571
5573
5574
5579
5580
5581
5582
5584
5586
5589
5590
5594
5597
5599
5601
5603
5604
5606
5607
5608
5610
5611
5612
5615
5621
5630
5631
5632
5634
5636
5642
5645
5646
5647
5649
5651
5655
5656
5657
5659
5661
5663
5666
5668
5669
5673
5674
5675
5683
5687
5688
5689
5692
5693
5699
5700
5701
5702
5706
5707
5709
5710
5716
5717
5721
5722
5727
5731
5732
5733
5734
5735
5739
5742
5747
5749
5752
5753
5755
5758
5762
5763
5768
5769
5772
5773
5774
5778
5780
5781
5784
5785
5789
5791
5792
5793
5797
5801
5803
5804
5806
5807
5809
5814
5816
5817
5818
5819
5826
5829
5831
5832
5833
5839
5841
5844
5846
5847
5848
5855
5858
5860
5861
5863
5868
5869
5872
5874
5876
5877
5879
5882
5886
5887
5888
5889
5892
5895
5897
5903
5904
5905
5906
5911
5913
5915
5918
5922
5923
5925
5930
5931
5932
5933
5935
5938
5942
5943
5944
5950
5952
5953
5954
5958
5959
5960
5966
5969
5970
5973
5974
5980
5981
5984
5985
5991
5992
5994
5997
5998
6001
6004
6005
6008
6010
6011
6013
6014
6023
6025
6026
6027
6028
6032
6033
6039
6040
6043
6044
6045
6047
6049
6052
6055
6056
6057
6058
6061
6063
6064
6065
6066
6068
6073
6076
6077
6079
6081
6082
6084
6087
6088
6089
6092
6098
6099
6100
6101
6105
6106
6108
6109
6110
6111
6112
6114
6118
6120
6122
6123
6128
6129
6132
6134
6139
6140
6141
6143
6144
6145
6146
6151
6155
6159
6160
6163
6164
6168
6169
6170
6171
6172
6177
6179
6182
6185
6186
6187
6189
6194
6197
6198
6201
6203
6205
6206
6210
6211
6212
6215
6220
6223
6224
6229
6232
6237
6239
6241
6243
6244
6247
6251
6252
6253
6259
6261
6264
6270
6271
6274
6277
6278
6284
6286
6289
6290
6291
6296
6297
6301
6305
6306
6312
6313
6314
6315
6316
6317
6318
6322
6323
6324
6327
6330
6331
6332
6337
6338
6344
6347
6348
6355
6356
6360
6362
6364
6366
6367
6370
6374
6377
6380
6383
6384
6390
6392
6393
6394
6395
6398
6401
6402
6404
6405
6407
6412
6415
6416
6423
6426
6428
6430
6432
6434
6436
6437
6439
6440
6444
6446
6447
6449
6450
6452
6458
6459
6462
6463
6465
6467
6468
6471
6473
6480
6482
6483
6484
6489
6490
6492
6493
6494
6495
6496
6504
6505
6506
6507
6509
6512
6513
6515
6516
6517
6521
6524
6526
6531
6534
6535
6537
6538
6544
6545
6548
6550
6555
6556
6557
6559
6560
6561
6564
6570
6571
6573
6575
6577
6578
6579
6580
6581
6584
6586
6588
6590
6593
6595
6597
6599
6604
6605
6607
6610
6613
6615
6617
6619
6620
6624
6627
6629
6632
6635
6637
6638
6640
6643
6644
6646
6647
6648
6650
6651
6653
6656
6658
6661
6662
6666
6668
6669
6673
6675
6677
6682
6683
6686
6690
6693
6695
6696
6698
6700
6701
6702
6706
6708
6709
6711
6713
6714
6716
6720
6721
6723
6725
6727
6731
6735
6738
6739
6740
6741
6743
6749
6750
6751
6752
6755
6758
6759
6763
6764
6766
6767
6769
6770
6772
6776
6777
6779
6780
6782
6784
6787
6789
6791
6793
6796
6797
6800
6803
6804
6805
6806
6810
6811
6812
6815
6817
6818
6821
6823
6824
6826
6829
6831
6834
6835
6836
6837
6841
6842
6843
6848
6849
6852
6853
6854
6855
6859
6861
6863
6864
6865
6866
6867
6873
6877
6879
6880
6881
6882
6883
6886
6889
6892
6893
6894
6895
6896
6898
6901
6903
6906
6909
6913
6914
6918
6920
6921
6924
6925
6926
6927
6929
6933
6938
6939
6941
6943
6945
6946
6947
6950
6954
6955
6956
6957
6965
6968
6969
6970
6972
6976
6979
6980
6981
6982
6983
6984
6986
6987
6988
6992
6993
6995
6996
7001
7002
7004
7005
7006
7010
7014
7015
7017
7018
7021
7022
7023
7025
7027
7028
7031
7032
7033
7037
7038
7042
7044
7049
7051
7056
7057
7059
7062
7063
7064
7069
7071
7072
7075
7076
7079
7080
7081
7085
7089
7090
7092
7093
7095
7096
7099
7100
7101
7103
7105
7106
7109
7111
7115
7119
7120
7121
7123
7125
7126
7127
7129
7131
7132
7133
7135
7139
7140
7143
7144
7146
7149
7152
7153
7155
7156
7157
7158
7160
7162
7163
7165
7167
7168
7169
7170
7175
7177
7178
7181
7182
7183
7185
7187
7189
7191
7193
7196
7197
7200
7201
7203
7204
7206
7208
7210
7212
7214
7216
7220
7221
7223
7225
7229
7231
7233
7234
7237
7238
7240
7241
7244
7245
7247
7249
7250
7251
7257
7261
7263
7264
7265
7271
7272
7274
7275
7276
7277
7278
7279
7283
7284
7285
7287
7288
7290
7293
7294
7297
7298
7299
7300
7302
7303
7305
7307
7308
7310
7311
7317
7319
7320
7323
7325
7326
7327
7329
7331
7332
7337
7338
7343
7344
7345
7348
7351
7353
7354
7358
7362
7367
7369
7370
7373
7377
7378
7380
7383
7384
7387
7392
7399
7406
7407
7424
7433
7435
7448
7454
7485
7486
7513
7527
7544
7548
7569
7591
7602
7607
7665
7678
7708
7728
7729
7771
7793
7846
7910
7932
7936
7962
8107
8144
8150
8165
8176
8193
8231
8305
8354
8357
8428
8471
8518
8665
8721
8880
9304
9529
10105
10538
10634
10751
10766
10841
10856
10864
10945
11027
11036
11050
11136
11174
11226
11298
11321
11491
11858
11902
11932
12038
12140
12319
12329
13211
13259
13264
13413
13425
13534
13587
13607
13729
13749
13751
13855
13964
14068
14083
14089
14208
14291
14307
14343
14467
14482
14568
14592
14717
14737
14767
14805
14822
14855
14857
14882
14883
14886
14908
14912
14913
14921
14922
14937
14944
14950
14954
14962
14963
14964
14967
14973
14978
14990
14992
14993
15000
15001
15005
15007
15013
15015
15016
15017
15021
15023
15024
15027
15030
15033
15035
15039
15040
15041
15043
15045
15046
15047
15048
15049
15050
15051
15052
15053
15055
15056
15058
15059
15060
15061
15062
15063
15064
15065
15066
15067
15068
15069
15070
15071
15072
15073
15074
15075
15076
15077
15078
15079
15080
15081
15082
15083
15084
15085
15086
15087
15088
15089
15090
15091
15092
15093
15094
15095
15096
15097
15098
15099
15100
15101
15102
15103
15104
15105
15106
15107
15108
15109
15110
15111
15112
15113
15114
15115
15116
15117
15118
15119
15120
15121
15122
15123
15124
15125
15126
15127
15128
15129
15130
15131
15132
15133
15134
15135
15136
15137
15138
15139
15140
15141
15142
15143
15144
15145
15146
15147
15148
15149
15150
15151
15152
15153
15154
15155
15156
15157
15158
15159
15160
15161
15162
15163
15164
15165
15166
15167
15168
15169
15170
15171
15172
15173
15174
15175
15176
15177
15178
15179
15180
15181
15182
15183
15184
15185
15186
15187
15188
15189
15190
15191
15192
15193
15194
15195
15196
15197
15198
15199
15200
15201
15202
15203
15204
15205
15206
15207
15208
15209
15210
15211
15212
15213
15214
15215
15216
15217
15218
15219
15220
15221
15222
15223
15224
15225
15226
15227
15228
15229
15230
15231
15232
15233
15234
15235
15236
15237
15238
15239
15240
15241
15242
15243
15244
15245
15246
15247
15248
15249
15250
15251
15252
15253
15254
15255
15256
15257
15258
15259
15260
15261
15262
15263
15264
15265
15266
15267
15268
15269
15270
15271
15272
15273
15274
15275
15276
15277
15278
15279
15280
15281
15282
15283
15284
15285
15286
15287
15288
15290
15291
15292
15293
15295
15296
15298
15301
15302
15303
15308
15321
15322
15324
15325
15327
15328
15329
15330
15331
15332
15333
15334
15335
15336
15337
15338
15339
15340
15341
15342
15344
15345
15346
15347
15349
15350
15351
15352
15353
15354
15355
15356
15357
15358
15359
15360
15361
15362
15363
15364
15366
15367
15368
15371
15373
15374
15376
15377
15380
15382
15383
15384
15385
15421
15543
15578
15600