195
197
206
209
217
219
220
229
230
232
233
236
237
239
246
247
248
253
255
258
260
261
265
266
270
272
273
278
280
281
282
283
284
286
287
293
297
298
299
300
301
302
304
305
307
308
309
310
312
313
314
317
318
319
320
321
324
325
329
330
331
332
333
334
335
337
338
339
340
341
342
344
345
346
348
349
350
351
352
353
356
357
358
359
361
362
363
364
367
368
370
372
375
376
377
378
379
380
381
382
383
384
386
387
388
390
391
392
393
394
395
397
398
399
400
401
402
405
406
411
414
415
416
419
421
422
424
425
426
428
429
431
432
433
434
436
439
440
441
442
443
444
445
447
448
451
452
454
457
458
461
464
465
466
467
468
469
470
471
472
473
474
478
479
480
482
484
487
488
489
490
494
495
496
497
498
502
503
505
507
508
509
511
512
515
520
522
523
524
525
528
530
531
533
535
537
538
541
544
545
546
548
549
552
555
558
559
562
565
568
572
573
575
577
580
590
592
593
595
598
603
604
606
614
616
618
620
621
624
627
628
632
634
641
643
644
646
647
651
652
653
654
655
664
670
675
676
678
684
689
691
692
698
700
703
712
713
714
716
722
723
729
735
743
746
751
756
763
767
770
779
787
788
790
791
792
794
795
801
813
814
815
817
824
826
830
837
838
839
841
842
844
847
850
852
859
860
865
867
868
872
874
875
878
881
882
886
888
889
891
898
902
904
905
907
908
912
913
915
916
917
918
920
921
922
930
931
934
936
937
939
944
946
949
950
951
953
955
956
957
961
963
966
967
969
971
972
973
974
976
982
983
985
986
989
991
992
996
997
999
1000
1001
1002
1006
1007
1008
1010
1011
1012
1014
1015
1016
1021
1023
1027
1028
1035
1036
1037
1038
1039
1040
1042
1043
1045
1046
1047
1049
1051
1052
1053
1055
1058
1064
1065
1066
1067
1068
1069
1070
1072
1073
1076
1078
1079
1080
1082
1083
1084
1085
1086
1087
1089
1092
1094
1096
1098
1101
1102
1104
1106
1108
1110
1111
1113
1114
1115
1116
1117
1119
1121
1124
1125
1127
1129
1130
1135
1136
1137
1139
1141
1144
1146
1147
1148
1149
1151
1152
1155
1156
1158
1159
1161
1162
1163
1167
1168
1171
1173
1174
1175
1178
1179
1180
1182
1183
1184
1186
1187
1188
1190
1191
1194
1197
1198
1199
1200
1201
1203
1205
1207
1208
1209
1212
1213
1214
1215
1217
1218
1219
1223
1224
1225
1227
1228
1229
1230
1232
1234
1237
1238
1239
1240
1241
1243
1244
1245
1246
1247
1248
1252
1253
1254
1255
1258
1259
1260
1261
1262
1264
1267
1268
1270
1271
1273
1276
1277
1278
1279
1280
1281
1283
1284
1285
1287
1288
1289
1291
1293
1294
1296
1297
1298
1299
1301
1302
1304
1305
1306
1309
1311
1312
1313
1314
1315
1316
1318
1319
1320
1322
1323
1324
1325
1327
1328
1329
1331
1332
1333
1334
1336
1337
1338
1341
1342
1343
1346
1347
1350
1351
1352
1356
1357
1359
1360
1361
1363
1365
1366
1367
1368
1369
1370
1371
1373
1375
1376
1378
1379
1380
1381
1382
1385
1387
1389
1390
1391
1392
1394
1395
1397
1398
1399
1401
1402
1404
1405
1406
1409
1410
1412
1414
1416
1417
1418
1419
1421
1422
1424
1425
1426
1427
1428
1431
1432
1433
1434
1436
1438
1439
1440
1444
1445
1446
1447
1448
1451
1453
1454
1455
1456
1458
1459
1460
1461
1462
1463
1464
1466
1468
1473
1479
1480
1481
1482
1483
1484
1486
1488
1489
1490
1491
1492
1493
1498
1499
1500
1501
1503
1504
1507
1508
1512
1514
1516
1517
1519
1522
1524
1526
1527
1529
1530
1532
1533
1534
1535
1537
1538
1539
1540
1541
1543
1545
1548
1549
1552
1555
1557
1558
1560
1561
1563
1565
1566
1567
1571
1572
1575
1577
1578
1579
1582
1583
1584
1585
1586
1587
1589
1590
1591
1593
1594
1595
1596
1600
1601
1603
1604
1605
1606
1610
1611
1615
1616
1617
1618
1619
1620
1622
1623
1624
1628
1629
1633
1634
1635
1638
1641
1642
1643
1644
1645
1647
1648
1649
1650
1651
1652
1653
1654
1656
1657
1658
1659
1660
1664
1666
1669
1671
1674
1675
1677
1680
1681
1682
1683
1685
1686
1687
1689
1690
1691
1692
1693
1696
1701
1702
1704
1707
1711
1712
1713
1715
1716
1717
1718
1719
1720
1721
1724
1727
1728
1729
1732
1734
1735
1738
1739
1741
1742
1743
1744
1746
1747
1749
1750
1752
1753
1754
1755
1757
1760
1767
1769
1771
1772
1773
1774
1776
1777
1779
1780
1781
1783
1786
1787
1788
1793
1794
1795
1796
1797
1799
1802
1804
1805
1806
1808
1809
1811
1812
1814
1815
1817
1818
1819
1820
1821
1824
1825
1826
1827
1828
1829
1833
1835
1837
1838
1840
1842
1845
1847
1849
1850
1851
1852
1853
1854
1855
1856
1857
1858
1861
1865
1867
1869
1871
1872
1874
1875
1876
1877
1878
1880
1883
1884
1885
1887
1890
1891
1892
1893
1894
1896
1897
1900
1902
1903
1906
1907
1909
1910
1911
1913
1914
1915
1916
1920
1921
1922
1923
1925
1926
1927
1928
1931
1934
1935
1936
1938
1939
1942
1943
1944
1946
1947
1950
1951
1955
1956
1959
1960
1962
1963
1964
1966
1967
1969
1970
1971
1972
1974
1977
1978
1982
1984
1985
1986
1987
1988
1990
1993
1994
1996
1998
2003
2004
2005
2006
2007
2008
2010
2011
2012
2013
2016
2019
2020
2021
2022
2026
2027
2030
2031
2032
2033
2036
2037
2038
2040
2041
2044
2046
2047
2048
2051
2052
2053
2055
2056
2057
2058
2059
2060
2062
2064
2065
2067
2069
2070
2071
2072
2073
2075
2076
2078
2079
2081
2085
2088
2089
2091
2092
2093
2094
2095
2096
2097
2099
2100
2101
2102
2103
2105
2106
2107
2109
2110
2112
2113
2114
2117
2118
2121
2122
2123
2124
2125
2126
2127
2128
2129
2130
2131
2134
2135
2137
2138
2139
2140
2141
2142
2143
2144
2145
2147
2148
2149
2150
2151
2152
2153
2154
2155
2156
2157
2159
2160
2162
2163
2164
2165
2166
2167
2168
2169
2170
2171
2172
2173
2174
2175
2178
2179
2180
2181
2182
2183
2184
2185
2186
2187
2189
2190
2191
2192
2193
2194
2195
2196
2197
2198
2199
2200
2201
2203
2204
2207
2208
2209
2210
2211
2212
2214
2215
2217
2219
2220
2221
2222
2223
2224
2225
2226
2227
2228
2230
2231
2232
2233
2234
2235
2236
2237
2238
2239
2240
2241
2242
2244
2245
2246
2247
2248
2249
2250
2251
2252
2254
2255
2256
2257
2258
2259
2261
2262
2263
2264
2265
2266
2267
2268
2269
2270
2272
2273
2274
2275
2276
2277
2278
2279
2280
2281
2282
2284
2285
2286
2287
2288
2289
2290
2291
2292
2293
2294
2295
2296
2297
2298
2299
2300
2301
2302
2303
2304
2306
2307
2308
2309
2310
2312
2313
2314
2315
2316
2317
2319
2320
2321
2322
2323
2324
2325
2326
2327
2329
2330
2331
2333
2334
2335
2336
2337
2338
2339
2340
2341
2342
2343
2344
2346
2347
2348
2349
2350
2351
2352
2353
2354
2356
2357
2358
2359
2360
2361
2362
2364
2365
2366
2367
2368
2369
2371
2373
2374
2375
2376
2377
2378
2379
2380
2381
2382
2383
2384
2385
2386
2387
2388
2389
2390
2391
2392
2393
2394
2395
2396
2398
2399
2400
2401
2402
2403
2404
2405
2406
2407
2408
2409
2410
2411
2412
2413
2414
2415
2416
2417
2418
2419
2420
2421
2422
2423
2424
2425
2426
2427
2428
2429
2430
2431
2432
2433
2434
2435
2436
2437
2438
2439
2440
2441
2442
2443
2444
2445
2447
2449
2450
2451
2452
2453
2454
2455
2456
2457
2458
2459
2460
2461
2462
2463
2464
2465
2466
2467
2468
2469
2470
2471
2472
2473
2474
2475
2477
2478
2479
2480
2481
2482
2483
2484
2485
2486
2487
2488
2489
2490
2491
2492
2493
2494
2495
2496
2497
2498
2499
2500
2501
2502
2503
2505
2507
2508
2509
2510
2511
2512
2513
2514
2515
2517
2518
2519
2520
2521
2522
2523
2524
2525
2526
2527
2528
2529
2530
2531
2532
2535
2536
2537
2538
2539
2540
2541
2542
2543
2544
2545
2546
2547
2548
2549
2550
2551
2552
2553
2554
2555
2557
2558
2559
2560
2561
2562
2563
2565
2566
2567
2568
2569
2571
2572
2573
2574
2575
2576
2577
2578
2579
2580
2581
2582
2583
2584
2585
2587
2588
2589
2591
2592
2593
2594
2596
2597
2598
2599
2600
2601
2602
2603
2604
2606
2607
2608
2609
2610
2611
2612
2613
2614
2615
2616
2617
2618
2619
2620
2621
2622
2623
2624
2625
2626
2627
2628
2630
2631
2632
2633
2634
2635
2639
2641
2642
2643
2644
2645
2646
2647
2648
2650
2651
2652
2653
2654
2655
2656
2657
2658
2659
2660
2661
2662
2663
2665
2666
2667
2669
2671
2672
2674
2675
2676
2677
2678
2679
2680
2681
2682
2683
2685
2686
2687
2688
2689
2690
2691
2692
2693
2695
2696
2697
2698
2699
2701
2703
2704
2705
2706
2707
2708
2709
2710
2713
2714
2715
2716
2717
2718
2719
2720
2721
2722
2723
2724
2725
2726
2727
2728
2729
2730
2732
2733
2734
2735
2736
2738
2739
2740
2741
2742
2743
2744
2745
2746
2747
2748
2749
2750
2753
2755
2756
2757
2758
2759
2762
2764
2765
2766
2768
2769
2771
2772
2774
2776
2778
2779
2780
2781
2782
2783
2784
2785
2787
2788
2790
2791
2792
2793
2794
2795
2796
2797
2798
2799
2801
2802
2803
2804
2805
2807
2809
2810
2811
2812
2813
2814
2815
2816
2817
2818
2819
2820
2821
2822
2823
2824
2826
2829
2830
2831
2832
2834
2835
2837
2838
2839
2840
2841
2842
2843
2844
2845
2847
2848
2850
2852
2855
2857
2858
2859
2860
2861
2863
2864
2865
2866
2869
2870
2871
2872
2873
2875
2876
2877
2878
2879
2880
2882
2883
2885
2886
2887
2888
2889
2890
2891
2893
2894
2896
2897
2899
2901
2902
2903
2904
2905
2906
2907
2908
2909
2910
2912
2913
2916
2918
2919
2920
2923
2925
2926
2927
2928
2929
2930
2931
2933
2934
2935
2936
2938
2939
2940
2941
2942
2943
2944
2945
2946
2947
2949
2953
2954
2957
2960
2962
2963
2964
2965
2966
2968
2971
2972
2974
2975
2976
2977
2978
2981
2982
2983
2984
2985
2987
2988
2989
2990
2992
2994
2996
2997
2998
3006
3007
3008
3010
3012
3015
3016
3017
3020
3022
3023
3025
3027
3031
3032
3034
3036
3037
3038
3039
3042
3044
3045
3047
3048
3051
3052
3053
3059
3061
3063
3064
3065
3066
3067
3071
3073
3075
3077
3078
3080
3084
3086
3089
3091
3092
3094
3096
3098
3099
3107
3116
3117
3119
3128
3133
3136
3138
3139
3140
3141
3143
3146
3148
3149
3150
3151
3152
3158
3167
3171
3179
3189
3190
3192
3194
3195
3197
3198
3199
3200
3201
3202
3207
3208
3224
3225
3226
3234
3245
3246
3247
3251
3252
3255
3257
3258
3259
3260
3261
3262
3270
3279
3281
3283
3285
3286
3293
3297
3300
3301
3305
3308
3309
3310
3311
3320
3322
3326
3328
3331
3332
3333
3335
3336
3338
3342
3346
3354
3355
3358
3359
3361
3365
3369
3371
3373
3375
3377
3384
3387
3388
3389
3392
3394
3399
3400
3407
3413
3417
3420
3422
3424
3425
3426
3431
3435
3436
3439
3445
3447
3452
3455
3458
3460
3463
3465
3469
3471
3476
3479
3480
3482
3484
3493
3495
3497
3499
3500
3504
3507
3512
3515
3516
3517
3519
3521
3522
3526
3528
3531
3537
3538
3544
3553
3554
3558
3559
3564
3565
3566
3568
3569
3572
3573
3581
3587
3592
3595
3596
3597
3601
3605
3608
3610
3611
3612
3613
3615
3618
3619
3628
3629
3631
3632
3638
3641
3644
3648
3650
3658
3660
3663
3665
3666
3668
3672
3673
3683
3684
3688
3689
3693
3695
3699
3701
3704
3708
3710
3713
3714
3715
3719
3721
3722
3724
3729
3734
3738
3742
3743
3747
3750
3753
3755
3761
3766
3767
3768
3770
3772
3773
3777
3781
3789
3794
3796
3797
3798
3799
3800
3806
3809
3810
3812
3816
3823
3824
3828
3829
3838
3840
3841
3842
3843
3855
3856
3860
3861
3864
3867
3868
3870
3875
3876
3879
3884
3888
3890
3891
3895
3897
3898
3905
3906
3910
3912
3915
3920
3927
3930
3933
3937
3939
3940
3941
3943
3944
3945
3947
3952
3957
3963
3968
3972
3974
3977
3978
3981
3983
3984
3986
3987
3995
3996
4001
4002
4005
4008
4019
4023
4027
4030
4033
4034
4036
4043
4047
4049
4053
4057
4059
4063
4066
4068
4072
4074
4075
4077
4082
4092
4093
4096
4098
4099
4100
4106
4107
4108
4111
4112
4114
4117
4118
4119
4124
4129
4132
4134
4137
4145
4152
4158
4161
4163
4165
4167
4170
4174
4177
4180
4188
4189
4195
4197
4198
4201
4202
4204
4205
4206
4209
4212
4218
4219
4224
4225
4226
4232
4233
4236
4237
4240
4242
4248
4256
4259
4261
4263
4264
4267
4269
4273
4275
4276
4277
4279
4282
4285
4286
4291
4295
4297
4300
4303
4306
4312
4313
4315
4317
4321
4323
4329
4330
4331
4332
4338
4342
4346
4347
4349
4350
4355
4356
4366
4371
4372
4373
4375
4380
4383
4385
4386
4387
4389
4390
4395
4396
4398
4399
4401
4404
4408
4411
4415
4416
4417
4419
4422
4425
4428
4429
4432
4433
4437
4438
4439
4443
4449
4452
4455
4456
4460
4464
4465
4466
4467
4470
4473
4474
4475
4476
4478
4479
4485
4486
4487
4488
4490
4492
4495
4496
4498
4500
4501
4502
4504
4505
4506
4508
4509
4510
4511
4512
4513
4514
4517
4519
4520
4524
4527
4528
4529
4531
4533
4535
4537
4539
4540
4543
4544
4545
4546
4548
4549
4551
4553
4555
4557
4560
4561
4562
4563
4564
4565
4568
4570
4572
4573
4574
4577
4579
4581
4582
4584
4585
4586
4587
4589
4594
4595
4596
4600
4601
4602
4603
4605
4608
4609
4612
4613
4614
4615
4616
4617
4618
4620
4622
4628
4629
4630
4632
4633
4634
4636
4637
4640
4641
4643
4644
4645
4648
4649
4650
4651
4655
4657
4658
4659
4664
4665
4666
4667
4668
4669
4670
4673
4674
4675
4678
4680
4681
4682
4683
4684
4687
4688
4692
4693
4695
4697
4698
4699
4701
4704
4705
4706
4708
4711
4712
4713
4714
4716
4717
4718
4720
4721
4722
4724
4726
4728
4729
4730
4731
4732
4733
4734
4736
4740
4741
4742
4745
4746
4749
4751
4752
4753
4755
4756
4759
4760
4762
4764
4765
4767
4768
4770
4773
4774
4777
4778
4780
4783
4784
4785
4788
4789
4791
4792
4794
4796
4797
4801
4803
4804
4807
4809
4810
4811
4812
4813
4815
4816
4817
4818
4819
4820
4822
4824
4826
4830
4831
4833
4835
4836
4838
4840
4841
4842
4845
4848
4851
4852
4853
4855
4857
4858
4860
4861
4863
4864
4866
4867
4870
4873
4874
4875
4876
4878
4879
4880
4882
4884
4889
4890
4892
4894
4896
4898
4899
4902
4903
4905
4907
4908
4909
4910
4912
4914
4915
4916
4918
4919
4920
4922
4928
4929
4930
4934
4935
4937
4938
4940
4942
4943
4946
4947
4948
4949
4951
4952
4954
4955
4957
4960
4961
4965
4967
4968
4970
4973
4976
4978
4979
4980
4981
4982
4988
4989
4990
4993
4995
4999
5000
5001
5002
5005
5007
5008
5010
5013
5015
5019
5020
5021
5025
5026
5027
5029
5030
5034
5035
5038
5040
5041
5045
5046
5047
5050
5052
5053
5055
5057
5059
5061
5062
5064
5066
5067
5069
5070
5072
5074
5078
5079
5081
5083
5084
5085
5086
5088
5089
5092
5093
5094
5096
5098
5104
5105
5106
5107
5108
5109
5110
5111
5113
5115
5116
5117
5119
5121
5123
5126
5127
5130
5131
5132
5134
5135
5136
5137
5138
5140
5141
5143
5146
5148
5149
5151
5153
5154
5155
5158
5160
5161
5162
5164
5166
5167
5168
5171
5172
5173
5176
5178
5180
5181
5184
5185
5188
5189
5190
5192
5193
5195
5196
5197
5198
5200
5201
5205
5206
5207
5210
5211
5213
5215
5217
5219
5223
5224
5226
5227
5229
5230
5231
5233
5234
5236
5237
5239
5242
5243
5244
5246
5249
5251
5253
5255
5258
5259
5260
5262
5264
5266
5269
5270
5272
5275
5276
5277
5278
5279
5280
5285
5286
5287
5288
5289
5293
5295
5296
5299
5300
5302
5305
5307
5311
5312
5314
5315
5317
5318
5320
5321
5323
5324
5325
5326
5331
5332
5335
5336
5337
5339
5341
5342
5343
5344
5346
5347
5351
5352
5353
5354
5356
5357
5359
5360
5362
5363
5364
5365
5366
5369
5370
5373
5376
5379
5380
5382
5384
5386
5387
5389
5391
5392
5393
5395
5396
5397
5400
5401
5402
5403
5404
5405
5408
5410
5412
5413
5414
5415
5416
5417
5418
5421
5422
5425
5426
5428
5429
5430
5433
5435
5437
5439
5441
5443
5445
5447
5448
5449
5450
5451
5454
5455
5456
5457
5458
5459
5462
5463
5464
5465
5468
5469
5471
5472
5474
5478
5480
5482
5484
5485
5487
5488
5489
5490
5492
5493
5495
5499
5500
5501
5502
5503
5506
5507
5510
5513
5514
5515
5516
5517
5518
5519
5520
5521
5524
5525
5528
5530
5531
5532
5534
5538
5539
5541
5542
5546
5550
5551
5554
5556
5557
5560
5562
5563
5564
5565
5566
5569
5572
5575
5576
5577
5578
5583
5585
5587
5588
5591
5592
5593
5595
5596
5598
5600
5602
5605
5609
5613
5614
5616
5617
5618
5619
5620
5622
5623
5624
5625
5626
5627
5628
5629
5633
5635
5637
5638
5639
5640
5641
5643
5644
5648
5650
5652
5653
5654
5658
5660
5662
5664
5665
5667
5670
5671
5672
5676
5677
5678
5679
5680
5681
5682
5684
5685
5686
5690
5691
5694
5695
5696
5697
5698
5703
5704
5705
5708
5711
5712
5713
5714
5715
5718
5719
5720
5723
5724
5725
5726
5728
5729
5730
5736
5737
5738
5740
5741
5743
5744
5745
5746
5748
5750
5751
5754
5756
5757
5759
5760
5761
5764
5765
5766
5767
5770
5771
5775
5776
5777
5779
5782
5783
5786
5787
5788
5790
5794
5795
5796
5798
5799
5800
5802
5805
5808
5810
5811
5812
5813
5815
5820
5821
5822
5823
5824
5825
5827
5828
5830
5834
5835
5836
5837
5838
5840
5842
5843
5845
5849
5850
5851
5852
5853
5854
5856
5857
5859
5862
5864
5865
5866
5867
5870
5871
5873
5875
5878
5880
5881
5883
5884
5885
5890
5891
5893
5894
5896
5898
5899
5900
5901
5902
5907
5908
5909
5910
5912
5914
5916
5917
5919
5920
5921
5924
5926
5927
5928
5929
5934
5936
5937
5939
5940
5941
5945
5946
5947
5948
5949
5951
5955
5956
5957
5961
5962
5963
5964
5965
5967
5968
5971
5972
5975
5976
5977
5978
5979
5982
5983
5986
5987
5988
5989
5990
5993
5995
5996
5999
6000
6002
6003
6006
6007
6009
6012
6015
6016
6017
6018
6019
6020
6021
6022
6024
6029
6030
6031
6034
6035
6036
6037
6038
6041
6042
6046
6048
6050
6051
6053
6054
6059
6060
6062
6067
6069
6070
6071
6072
6074
6075
6078
6080
6083
6085
6086
6090
6091
6093
6094
6095
6096
6097
6102
6103
6104
6107
6113
6115
6116
6117
6119
6121
6124
6125
6126
6127
6130
6131
6133
6135
6136
6137
6138
6142
6147
6148
6149
6150
6152
6153
6154
6156
6157
6158
6161
6162
6165
6166
6167
6173
6174
6175
6176
6178
6180
6181
6183
6184
6188
6190
6191
6192
6193
6195
6196
6199
6200
6202
6204
6207
6208
6209
6213
6214
6216
6217
6218
6219
6221
6222
6225
6226
6227
6228
6230
6231
6233
6234
6235
6236
6238
6240
6242
6245
6246
6248
6249
6250
6254
6255
6256
6257
6258
6260
6262
6263
6265
6266
6267
6268
6269
6272
6273
6275
6276
6279
6280
6281
6282
6283
6285
6287
6288
6292
6293
6294
6295
6298
6299
6300
6302
6303
6304
6307
6308
6309
6310
6311
6319
6320
6321
6325
6326
6328
6329
6333
6334
6335
6336
6339
6340
6341
6342
6343
6345
6346
6349
6350
6351
6352
6353
6354
6357
6358
6359
6361
6363
6365
6368
6369
6371
6372
6373
6375
6376
6378
6379
6381
6382
6385
6386
6387
6388
6389
6391
6396
6397
6399
6400
6403
6406
6408
6409
6410
6411
6413
6414
6417
6418
6419
6420
6421
6422
6424
6425
6427
6429
6431
6433
6435
6438
6441
6442
6443
6445
6448
6451
6453
6454
6455
6456
6457
6460
6461
6464
6466
6469
6470
6472
6474
6475
6476
6477
6478
6479
6481
6485
6486
6487
6488
6491
6497
6498
6499
6500
6501
6502
6503
6508
6510
6511
6514
6518
6519
6520
6522
6523
6525
6527
6528
6529
6530
6532
6533
6536
6539
6540
6541
6542
6543
6546
6547
6549
6551
6552
6553
6554
6558
6562
6563
6565
6566
6567
6568
6569
6572
6574
6576
6582
6583
6585
6587
6589
6591
6592
6594
6596
6598
6600
6601
6602
6603
6606
6608
6609
6611
6612
6614
6616
6618
6621
6622
6623
6625
6626
6628
6630
6631
6633
6634
6636
6639
6641
6642
6645
6649
6652
6654
6655
6657
6659
6660
6663
6664
6665
6667
6670
6671
6672
6674
6676
6678
6679
6680
6681
6684
6685
6687
6688
6689
6691
6692
6694
6697
6699
6703
6704
6705
6707
6710
6712
6715
6717
6718
6719
6722
6724
6726
6728
6729
6730
6732
6733
6734
6736
6737
6742
6744
6745
6746
6747
6748
6753
6754
6756
6757
6760
6761
6762
6765
6768
6771
6773
6774
6775
6778
6781
6783
6785
6786
6788
6790
6792
6794
6795
6798
6799
6801
6802
6807
6808
6809
6813
6814
6816
6819
6820
6822
6825
6827
6828
6830
6832
6833
6838
6839
6840
6844
6845
6846
6847
6850
6851
6856
6857
6858
6860
6862
6868
6869
6870
6871
6872
6874
6875
6876
6878
6884
6885
6887
6888
6890
6891
6897
6899
6900
6902
6904
6905
6907
6908
6910
6911
6912
6915
6916
6917
6919
6922
6923
6928
6930
6931
6932
6934
6935
6936
6937
6940
6942
6944
6948
6949
6951
6952
6953
6958
6959
6960
6961
6962
6963
6964
6966
6967
6971
6973
6974
6975
6977
6978
6985
6989
6990
6991
6994
6997
6998
6999
7000
7003
7007
7008
7009
7011
7012
7013
7016
7019
7020
7024
7026
7029
7030
7034
7035
7036
7039
7040
7041
7043
7045
7046
7047
7048
7050
7052
7053
7054
7055
7058
7060
7061
7065
7066
7067
7068
7070
7073
7074
7077
7078
7082
7083
7084
7086
7087
7088
7091
7094
7097
7098
7102
7104
7107
7108
7110
7112
7113
7114
7116
7117
7118
7122
7124
7128
7130
7134
7136
7137
7138
7141
7142
7145
7148
7151
7154
7159
7161
7164
7166
7172
7173
7176
7184
7186
7194
7198
7213
7215
7217
7226
7242
7258
7259
7266
7268
7280
7314
7315
7322
7328
7333
7339
7356
7375
7382
7403
7414
7436
7459
7504
7550
7608
7752
7851
8117
8738
8917
15289
15294
15297
15299
15300
15304
15305
15306
15307
15309
15310
15311
15312
15313
15314
15315
15316
15317
15318
15319
15320
15323
15326
15343
15348
15365
15369
15370
15372
15375
15378
15379
15381