7171
7174
7179
7180
7188
7190
7192
7199
7202
7205
7207
7209
7211
7218
7219
7222
7224
7227
7228
7230
7232
7235
7236
7239
7243
7246
7252
7253
7254
7255
7256
7260
7262
7267
7269
7270
7273
7281
7282
7286
7289
7291
7292
7295
7296
7301
7304
7306
7309
7312
7313
7316
7318
7324
7330
7334
7335
7336
7340
7341
7342
7346
7347
7349
7350
7352
7355
7357
7359
7360
7361
7363
7364
7365
7366
7368
7371
7372
7374
7376
7381
7385
7386
7388
7389
7390
7391
7393
7395
7396
7397
7398
7400
7401
7402
7404
7405
7408
7409
7410
7411
7412
7413
7415
7416
7417
7418
7419
7420
7421
7422
7423
7425
7426
7427
7428
7430
7431
7432
7434
7438
7439
7440
7441
7442
7443
7444
7445
7446
7447
7449
7451
7452
7453
7455
7456
7457
7458
7460
7461
7462
7463
7464
7465
7466
7467
7468
7469
7470
7471
7472
7473
7474
7475
7476
7477
7478
7479
7480
7481
7482
7483
7484
7487
7488
7489
7490
7491
7492
7493
7494
7495
7496
7497
7498
7499
7500
7501
7502
7503
7505
7506
7507
7508
7509
7510
7511
7512
7514
7515
7516
7517
7518
7519
7520
7521
7523
7524
7525
7526
7528
7529
7530
7531
7532
7533
7534
7535
7536
7537
7538
7539
7540
7541
7542
7543
7545
7546
7547
7549
7551
7552
7553
7554
7555
7557
7558
7559
7560
7561
7562
7563
7564
7565
7566
7567
7568
7571
7572
7573
7574
7575
7576
7577
7578
7579
7580
7581
7582
7583
7584
7585
7586
7587
7588
7589
7592
7593
7594
7595
7596
7597
7598
7599
7600
7601
7603
7604
7605
7606
7609
7610
7611
7612
7613
7614
7615
7616
7617
7618
7619
7620
7621
7622
7623
7624
7625
7626
7627
7628
7629
7630
7631
7632
7633
7634
7635
7636
7637
7640
7641
7642
7643
7645
7646
7647
7648
7649
7650
7651
7652
7653
7654
7655
7656
7657
7658
7660
7661
7662
7663
7664
7666
7667
7670
7672
7673
7674
7675
7676
7677
7679
7680
7681
7682
7683
7684
7685
7686
7687
7688
7689
7690
7691
7692
7693
7694
7695
7696
7697
7698
7699
7700
7701
7703
7704
7705
7706
7707
7709
7710
7711
7713
7714
7715
7716
7717
7718
7719
7720
7721
7722
7723
7724
7725
7726
7727
7730
7731
7732
7733
7734
7735
7736
7737
7738
7739
7740
7741
7742
7743
7744
7745
7746
7747
7748
7749
7750
7751
7753
7754
7755
7756
7757
7758
7759
7760
7761
7762
7763
7764
7765
7766
7767
7768
7769
7770
7772
7773
7774
7775
7776
7777
7778
7779
7780
7781
7782
7783
7784
7785
7786
7787
7788
7789
7790
7791
7792
7794
7795
7796
7797
7798
7799
7800
7801
7802
7803
7804
7805
7808
7809
7810
7811
7812
7814
7815
7816
7817
7819
7820
7821
7822
7823
7824
7825
7826
7827
7828
7829
7830
7832
7833
7834
7835
7836
7837
7838
7839
7840
7841
7842
7843
7844
7845
7847
7848
7849
7850
7852
7853
7854
7855
7856
7858
7859
7860
7861
7862
7863
7864
7865
7866
7867
7868
7869
7870
7874
7875
7876
7877
7878
7879
7880
7881
7882
7884
7885
7886
7887
7888
7889
7891
7892
7893
7894
7895
7896
7897
7898
7899
7900
7901
7902
7903
7905
7906
7907
7908
7909
7911
7912
7913
7914
7915
7916
7917
7918
7919
7920
7921
7922
7923
7924
7925
7926
7927
7928
7929
7930
7931
7934
7937
7938
7939
7940
7941
7942
7943
7944
7945
7946
7947
7948
7949
7950
7951
7952
7953
7954
7955
7956
7957
7958
7959
7960
7961
7963
7964
7966
7967
7968
7969
7970
7971
7972
7973
7974
7975
7976
7977
7978
7979
7980
7981
7982
7984
7985
7986
7987
7988
7989
7990
7991
7992
7993
7995
7996
7997
7998
7999
8000
8001
8002
8003
8004
8005
8007
8008
8009
8010
8011
8012
8013
8014
8015
8016
8017
8018
8019
8020
8021
8022
8023
8024
8025
8026
8028
8029
8030
8031
8032
8033
8034
8035
8036
8037
8038
8039
8040
8041
8042
8043
8044
8045
8046
8047
8049
8050
8051
8052
8053
8054
8055
8056
8057
8058
8059
8060
8061
8062
8063
8064
8065
8066
8067
8068
8069
8070
8071
8072
8073
8074
8075
8076
8077
8078
8079
8080
8081
8082
8083
8084
8085
8086
8087
8088
8089
8090
8091
8092
8093
8094
8095
8096
8097
8098
8100
8101
8102
8103
8104
8105
8106
8108
8110
8111
8112
8113
8114
8115
8116
8118
8119
8120
8121
8122
8123
8124
8125
8126
8127
8128
8129
8130
8131
8132
8133
8134
8135
8136
8137
8140
8141
8142
8143
8145
8146
8147
8148
8149
8151
8152
8153
8155
8156
8157
8158
8159
8160
8161
8162
8163
8164
8166
8167
8168
8169
8170
8171
8172
8173
8174
8177
8178
8179
8180
8181
8182
8183
8184
8185
8186
8187
8189
8190
8191
8192
8194
8195
8196
8197
8198
8199
8200
8201
8202
8203
8204
8205
8206
8207
8208
8209
8210
8211
8212
8213
8214
8215
8216
8217
8219
8220
8221
8222
8224
8225
8226
8227
8228
8229
8230
8232
8233
8234
8236
8237
8238
8239
8240
8241
8243
8244
8246
8247
8248
8249
8250
8251
8252
8253
8254
8255
8256
8257
8258
8259
8260
8261
8262
8263
8264
8265
8266
8267
8268
8269
8270
8271
8272
8273
8274
8275
8276
8277
8278
8279
8280
8281
8282
8283
8284
8285
8286
8287
8288
8289
8290
8291
8292
8293
8294
8295
8296
8297
8298
8299
8300
8301
8302
8303
8307
8308
8309
8311
8312
8313
8314
8315
8316
8317
8318
8319
8320
8321
8322
8323
8324
8325
8326
8327
8328
8329
8330
8331
8333
8334
8335
8337
8338
8339
8340
8341
8342
8343
8344
8345
8346
8347
8348
8350
8351
8352
8353
8355
8356
8358
8359
8360
8361
8362
8364
8365
8366
8367
8368
8369
8370
8371
8373
8374
8375
8376
8377
8378
8379
8380
8381
8382
8383
8384
8385
8386
8387
8388
8389
8390
8391
8393
8394
8395
8396
8397
8398
8399
8400
8401
8402
8403
8404
8405
8406
8407
8408
8410
8411
8412
8413
8414
8415
8416
8417
8418
8420
8421
8422
8423
8424
8426
8427
8429
8430
8432
8433
8434
8435
8436
8437
8439
8441
8442
8443
8444
8445
8446
8447
8448
8449
8450
8452
8453
8454
8456
8458
8459
8461
8462
8463
8464
8465
8466
8467
8468
8470
8472
8473
8474
8475
8476
8477
8478
8479
8480
8481
8482
8483
8484
8485
8486
8487
8488
8489
8490
8491
8492
8493
8495
8496
8497
8498
8499
8500
8501
8502
8503
8504
8505
8506
8507
8508
8509
8510
8511
8512
8513
8514
8515
8517
8519
8520
8521
8522
8523
8524
8525
8526
8527
8528
8529
8530
8531
8532
8535
8536
8537
8539
8540
8541
8542
8544
8545
8546
8547
8548
8549
8550
8551
8552
8553
8554
8556
8557
8558
8559
8560
8561
8562
8563
8564
8565
8566
8567
8568
8569
8570
8571
8573
8574
8575
8576
8577
8578
8579
8580
8581
8582
8583
8584
8586
8587
8589
8590
8591
8592
8593
8594
8595
8596
8597
8598
8599
8601
8602
8603
8604
8605
8606
8608
8609
8610
8611
8613
8614
8615
8616
8617
8618
8619
8620
8621
8622
8623
8624
8625
8626
8627
8628
8630
8631
8632
8633
8634
8635
8636
8637
8638
8639
8640
8641
8643
8645
8646
8647
8648
8649
8650
8651
8652
8653
8654
8655
8656
8657
8658
8659
8660
8661
8662
8663
8664
8666
8667
8668
8670
8671
8672
8673
8674
8676
8677
8678
8679
8680
8681
8682
8683
8684
8685
8686
8688
8689
8690
8691
8693
8694
8695
8696
8697
8699
8701
8703
8704
8705
8706
8707
8708
8709
8710
8711
8712
8713
8714
8715
8716
8717
8718
8719
8720
8722
8723
8724
8725
8726
8728
8729
8730
8731
8732
8733
8734
8735
8736
8737
8739
8740
8742
8743
8744
8745
8746
8747
8748
8749
8750
8751
8752
8753
8755
8756
8757
8758
8759
8760
8761
8762
8763
8764
8765
8766
8767
8768
8769
8770
8771
8772
8774
8775
8776
8778
8779
8780
8781
8782
8783
8784
8785
8786
8787
8788
8789
8790
8791
8792
8793
8794
8795
8796
8797
8799
8800
8801
8802
8803
8804
8805
8806
8807
8808
8809
8810
8811
8812
8813
8814
8815
8816
8818
8819
8820
8821
8822
8823
8824
8825
8826
8827
8828
8829
8830
8831
8832
8833
8835
8836
8837
8838
8839
8842
8843
8844
8845
8846
8847
8848
8849
8850
8851
8852
8853
8854
8856
8857
8858
8859
8861
8862
8863
8864
8865
8866
8867
8868
8869
8870
8871
8872
8873
8874
8875
8876
8877
8878
8879
8881
8882
8883
8884
8885
8886
8887
8888
8889
8890
8891
8892
8893
8894
8895
8896
8897
8898
8899
8900
8901
8902
8903
8904
8905
8906
8907
8908
8909
8911
8912
8913
8914
8915
8916
8918
8919
8920
8921
8922
8923
8924
8925
8927
8928
8929
8930
8931
8932
8933
8935
8936
8937
8938
8939
8940
8942
8943
8944
8945
8946
8947
8948
8949
8950
8951
8952
8953
8954
8955
8956
8957
8958
8959
8960
8961
8962
8963
8964
8965
8966
8967
8968
8969
8970
8971
8972
8973
8974
8975
8976
8977
8978
8979
8980
8981
8982
8983
8984
8985
8986
8987
8988
8990
8991
8992
8993
8994
8995
8996
8999
9000
9001
9002
9003
9004
9005
9006
9007
9008
9009
9010
9011
9012
9013
9014
9015
9016
9017
9018
9019
9020
9021
9022
9023
9024
9025
9026
9027
9028
9029
9030
9031
9032
9033
9034
9035
9036
9037
9038
9039
9040
9041
9042
9043
9044
9045
9046
9047
9048
9049
9050
9051
9052
9053
9054
9055
9056
9057
9058
9059
9060
9061
9062
9063
9064
9066
9067
9068
9069
9070
9071
9072
9073
9074
9075
9076
9077
9078
9079
9080
9081
9082
9083
9084
9085
9086
9087
9088
9089
9090
9091
9092
9093
9094
9095
9096
9097
9098
9099
9101
9102
9103
9104
9105
9106
9107
9108
9109
9110
9111
9112
9113
9114
9115
9116
9117
9118
9119
9120
9121
9122
9123
9124
9125
9126
9127
9128
9129
9130
9131
9133
9134
9135
9136
9137
9139
9140
9141
9142
9143
9144
9145
9146
9147
9148
9149
9150
9151
9152
9153
9154
9155
9156
9157
9158
9159
9160
9161
9162
9163
9164
9165
9166
9167
9168
9169
9170
9171
9172
9173
9174
9175
9176
9177
9178
9179
9180
9181
9182
9183
9184
9185
9186
9187
9188
9189
9190
9191
9192
9193
9194
9195
9196
9197
9198
9199
9200
9201
9202
9203
9204
9205
9206
9207
9208
9209
9210
9211
9212
9213
9214
9215
9216
9217
9218
9219
9220
9221
9222
9223
9224
9225
9226
9227
9228
9229
9230
9231
9232
9233
9234
9235
9236
9237
9238
9239
9240
9241
9242
9243
9244
9246
9247
9248
9249
9250
9251
9252
9253
9254
9255
9256
9257
9258
9259
9260
9261
9262
9263
9264
9265
9266
9267
9268
9269
9270
9271
9272
9273
9274
9275
9276
9277
9278
9279
9280
9281
9282
9283
9284
9285
9286
9287
9288
9289
9290
9291
9292
9293
9294
9296
9297
9298
9299
9300
9301
9302
9303
9305
9306
9308
9309
9310
9311
9312
9313
9314
9315
9316
9317
9318
9319
9320
9321
9322
9323
9324
9325
9326
9327
9328
9329
9330
9331
9332
9333
9334
9335
9336
9337
9338
9339
9340
9341
9342
9343
9344
9345
9346
9347
9348
9349
9350
9351
9352
9353
9354
9355
9356
9357
9359
9360
9361
9362
9364
9365
9366
9367
9368
9369
9370
9371
9372
9373
9374
9375
9376
9377
9378
9379
9380
9382
9383
9384
9385
9386
9387
9388
9389
9390
9391
9392
9393
9394
9395
9396
9397
9398
9399
9400
9401
9402
9403
9404
9405
9406
9407
9408
9409
9410
9411
9412
9413
9414
9415
9416
9417
9418
9419
9420
9421
9424
9425
9426
9427
9428
9429
9430
9431
9432
9433
9434
9435
9437
9438
9439
9440
9441
9442
9443
9444
9445
9446
9447
9448
9449
9450
9451
9452
9453
9454
9455
9456
9457
9458
9459
9460
9461
9462
9463
9464
9465
9466
9467
9468
9469
9470
9471
9472
9473
9474
9475
9476
9477
9478
9479
9480
9481
9482
9483
9484
9485
9486
9487
9488
9489
9490
9491
9492
9493
9494
9495
9496
9497
9498
9499
9500
9501
9502
9503
9504
9505
9506
9507
9508
9509
9510
9511
9512
9513
9514
9515
9516
9517
9518
9519
9520
9521
9522
9524
9525
9526
9527
9528
9530
9531
9532
9533
9534
9535
9536
9537
9538
9539
9540
9541
9542
9543
9544
9545
9546
9547
9548
9549
9550
9551
9552
9553
9554
9555
9556
9557
9558
9559
9560
9561
9562
9563
9564
9565
9566
9567
9568
9569
9570
9571
9572
9573
9574
9575
9576
9577
9578
9579
9580
9581
9582
9583
9584
9585
9586
9587
9588
9589
9590
9591
9592
9593
9594
9595
9596
9597
9598
9599
9600
9601
9602
9604
9605
9606
9607
9608
9609
9610
9611
9612
9613
9614
9615
9616
9617
9618
9619
9620
9621
9622
9623
9624
9625
9626
9627
9628
9629
9630
9631
9632
9633
9634
9635
9636
9637
9638
9639
9640
9641
9642
9643
9644
9645
9646
9647
9648
9649
9650
9651
9652
9653
9654
9655
9656
9658
9659
9660
9661
9662
9663
9664
9665
9666
9667
9668
9669
9670
9671
9672
9673
9674
9675
9676
9677
9678
9679
9680
9681
9682
9683
9684
9685
9686
9687
9688
9689
9690
9691
9692
9693
9694
9695
9696
9697
9698
9699
9700
9701
9702
9703
9704
9705
9706
9707
9708
9709
9710
9711
9712
9713
9714
9715
9716
9717
9719
9720
9721
9722
9723
9724
9725
9726
9727
9728
9729
9730
9731
9732
9733
9734
9735
9736
9737
9738
9739
9740
9741
9742
9743
9744
9745
9746
9748
9749
9750
9751
9752
9753
9754
9755
9756
9757
9758
9759
9760
9761
9762
9763
9764
9765
9766
9767
9768
9769
9770
9771
9772
9773
9774
9775
9776
9777
9778
9779
9780
9781
9782
9783
9784
9785
9786
9787
9788
9789
9790
9791
9792
9793
9794
9795
9796
9797
9798
9799
9800
9801
9802
9803
9804
9805
9806
9807
9809
9810
9811
9812
9813
9814
9815
9816
9817
9818
9819
9820
9821
9822
9823
9824
9825
9826
9827
9828
9829
9830
9831
9832
9833
9835
9836
9837
9838
9840
9841
9842
9843
9844
9845
9846
9847
9848
9849
9850
9851
9852
9853
9854
9855
9856
9857
9858
9859
9860
9861
9862
9863
9864
9865
9866
9867
9868
9869
9870
9871
9872
9873
9874
9875
9876
9877
9878
9879
9880
9881
9882
9883
9884
9885
9886
9887
9888
9889
9890
9891
9892
9893
9894
9895
9896
9897
9898
9899
9900
9901
9902
9903
9904
9905
9906
9907
9908
9909
9910
9911
9912
9913
9914
9915
9916
9917
9918
9919
9920
9921
9922
9923
9924
9925
9926
9927
9928
9929
9930
9931
9932
9934
9935
9936
9937
9938
9939
9941
9942
9943
9944
9945
9947
9948
9949
9950
9951
9952
9953
9954
9955
9956
9957
9958
9959
9960
9961
9962
9963
9964
9965
9966
9967
9968
9970
9971
9972
9973
9974
9975
9976
9977
9979
9980
9981
9982
9983
9984
9985
9986
9988
9989
9990
9991
9992
9994
9995
9996
9997
9999
10000
10001
10002
10003
10004
10005
10006
10007
10008
10009
10010
10011
10012
10013
10014
10015
10016
10017
10018
10019
10020
10021
10022
10023
10024
10025
10026
10027
10028
10029
10030
10031
10032
10033
10034
10035
10036
10037
10038
10039
10040
10041
10042
10043
10044
10045
10046
10047
10048
10049
10050
10051
10052
10053
10054
10055
10056
10057
10058
10059
10060
10061
10062
10063
10064
10065
10066
10067
10068
10069
10070
10071
10072
10073
10074
10075
10076
10077
10078
10079
10080
10081
10082
10083
10084
10085
10086
10087
10088
10089
10090
10091
10092
10093
10094
10095
10096
10097
10098
10099
10100
10101
10103
10104
10106
10107
10108
10109
10110
10111
10112
10113
10114
10115
10116
10117
10118
10119
10120
10121
10122
10123
10124
10125
10126
10127
10128
10129
10130
10131
10132
10133
10134
10135
10136
10137
10138
10139
10140
10141
10142
10143
10144
10145
10146
10147
10148
10149
10150
10151
10152
10153
10154
10155
10156
10157
10158
10159
10161
10162
10163
10164
10165
10166
10167
10168
10169
10170
10171
10172
10173
10174
10175
10176
10177
10178
10179
10180
10181
10182
10183
10184
10185
10186
10187
10188
10189
10190
10191
10192
10193
10194
10195
10196
10197
10199
10200
10201
10202
10203
10204
10205
10207
10208
10209
10210
10211
10212
10213
10214
10215
10216
10217
10218
10219
10220
10221
10222
10223
10224
10225
10227
10228
10229
10230
10231
10232
10233
10234
10235
10236
10237
10238
10240
10242
10243
10244
10245
10246
10247
10248
10249
10250
10251
10252
10253
10254
10255
10256
10257
10258
10259
10260
10261
10262
10263
10264
10265
10266
10267
10268
10269
10270
10271
10272
10273
10274
10275
10276
10277
10278
10279
10280
10281
10282
10283
10284
10285
10286
10287
10288
10289
10290
10291
10293
10294
10295
10296
10297
10298
10299
10300
10301
10302
10303
10304
10305
10306
10307
10308
10309
10310
10311
10312
10313
10314
10315
10316
10317
10318
10319
10320
10322
10323
10324
10325
10327
10328
10329
10330
10331
10332
10333
10334
10335
10336
10337
10338
10339
10340
10341
10343
10344
10345
10346
10347
10348
10349
10351
10352
10353
10354
10355
10356
10357
10358
10359
10360
10361
10362
10363
10364
10365
10366
10367
10368
10369
10370
10371
10372
10373
10374
10375
10376
10377
10378
10379
10380
10381
10382
10383
10384
10385
10386
10387
10388
10389
10390
10391
10392
10393
10394
10395
10396
10397
10398
10399
10400
10401
10403
10404
10405
10407
10408
10409
10410
10411
10412
10414
10415
10416
10417
10418
10419
10420
10421
10422
10423
10424
10425
10426
10427
10428
10429
10430
10431
10432
10433
10434
10435
10436
10437
10438
10439
10440
10441
10442
10443
10444
10445
10446
10447
10448
10449
10450
10451
10452
10453
10454
10455
10456
10457
10458
10459
10460
10462
10463
10464
10465
10466
10467
10468
10469
10471
10472
10473
10474
10475
10476
10478
10479
10480
10481
10482
10483
10484
10485
10486
10487
10488
10489
10490
10491
10492
10493
10494
10495
10496
10497
10498
10499
10500
10501
10502
10503
10504
10505
10506
10507
10508
10509
10510
10511
10512
10513
10514
10515
10516
10518
10519
10520
10521
10522
10523
10524
10526
10527
10528
10529
10530
10531
10532
10533
10534
10535
10537
10539
10540
10541
10542
10543
10544
10545
10546
10548
10549
10550
10551
10552
10553
10554
10555
10556
10557
10558
10559
10560
10561
10562
10563
10564
10565
10566
10568
10570
10571
10573
10574
10575
10576
10577
10578
10579
10580
10581
10582
10583
10584
10585
10586
10587
10588
10589
10590
10592
10593
10594
10595
10596
10597
10598
10599
10600
10601
10602
10603
10604
10605
10606
10607
10608
10609
10610
10611
10612
10614
10615
10616
10617
10618
10619
10621
10622
10623
10625
10626
10627
10628
10629
10630
10631
10632
10633
10635
10636
10637
10639
10640
10641
10642
10643
10644
10645
10646
10647
10648
10649
10650
10651
10652
10653
10654
10655
10656
10657
10658
10659
10662
10663
10664
10666
10667
10668
10669
10670
10671
10672
10673
10674
10675
10676
10677
10678
10679
10680
10681
10682
10683
10684
10685
10686
10687
10688
10689
10690
10691
10692
10693
10694
10695
10696
10698
10699
10700
10701
10703
10704
10705
10706
10707
10708
10710
10711
10712
10713
10714
10715
10716
10717
10718
10719
10720
10721
10722
10723
10725
10726
10727
10728
10729
10731
10732
10733
10734
10735
10736
10737
10738
10739
10740
10741
10742
10744
10745
10746
10747
10748
10749
10752
10753
10754
10755
10756
10757
10758
10759
10761
10762
10763
10764
10765
10767
10768
10769
10770
10771
10772
10773
10775
10777
10778
10779
10780
10781
10782
10784
10785
10786
10787
10788
10789
10790
10792
10793
10794
10795
10796
10797
10798
10799
10800
10802
10804
10805
10806
10807
10808
10809
10810
10811
10812
10814
10815
10816
10817
10818
10819
10820
10821
10822
10823
10824
10825
10826
10827
10828
10829
10830
10831
10832
10833
10834
10835
10836
10837
10838
10839
10840
10842
10844
10846
10847
10848
10849
10850
10851
10852
10854
10855
10857
10858
10859
10860
10861
10862
10863
10865
10866
10867
10868
10869
10870
10871
10872
10873
10874
10875
10876
10877
10878
10879
10880
10881
10882
10883
10884
10885
10886
10887
10889
10890
10891
10893
10894
10896
10897
10898
10899
10900
10901
10903
10904
10905
10907
10908
10909
10911
10912
10913
10914
10915
10917
10918
10919
10921
10922
10923
10924
10925
10926
10927
10928
10930
10931
10932
10934
10937
10939
10940
10941
10942
10943
10946
10947
10948
10949
10950
10952
10953
10954
10955
10956
10958
10959
10961
10962
10963
10964
10966
10967
10968
10969
10971
10972
10973
10975
10976
10977
10978
10979
10980
10981
10982
10984
10985
10986
10988
10990
10991
10992
10993
10994
10995
10996
10997
10998
10999
11001
11002
11003
11004
11005
11006
11007
11008
11009
11010
11012
11014
11015
11016
11017
11019
11020
11021
11022
11023
11024
11028
11029
11030
11031
11032
11037
11038
11040
11041
11042
11043
11045
11049
11052
11053
11054
11055
11056
11057
11058
11059
11060
11062
11063
11064
11065
11066
11067
11068
11070
11072
11074
11075
11076
11077
11079
11080
11081
11082
11083
11085
11086
11087
11088
11089
11092
11093
11095
11097
11098
11099
11100
11102
11103
11104
11106
11109
11110
11111
11112
11113
11115
11116
11117
11118
11121
11122
11125
11126
11127
11128
11129
11132
11133
11134
11135
11137
11138
11139
11140
11142
11145
11146
11147
11150
11151
11152
11153
11154
11155
11157
11158
11159
11160
11161
11162
11163
11164
11165
11166
11167
11168
11169
11171
11172
11173
11176
11179
11180
11182
11186
11187
11188
11191
11192
11193
11195
11196
11197
11198
11201
11202
11204
11206
11207
11208
11209
11211
11212
11213
11216
11220
11222
11224
11227
11228
11230
11232
11234
11240
11241
11244
11245
11247
11249
11250
11252
11254
11255
11256
11258
11259
11263
11264
11265
11269
11271
11274
11276
11278
11283
11287
11289
11291
11293
11295
11297
11300
11302
11305
11306
11309
11312
11314
11315
11318
11319
11320
11325
11328
11329
11331
11336
11339
11341
11343
11347
11348
11349
11352
11356
11359
11362
11363
11367
11368
11369
11374
11375
11377
11379
11382
11383
11384
11387
11390
11394
11397
11398
11399
11408
11412
11413
11415
11416
11418
11423
11424
11426
11431
11432
11438
11443
11445
11450
11451
11452
11456
11460
11464
11466
11467
11468
11469
11473
11478
11482
11487
11494
11495
11501
11502
11507
11508
11512
11514
11517
11519
11520
11521
11525
11526
11527
11528
11533
11535
11539
11545
11546
11553
11555
11558
11564
11568
11569
11580
11584
11597
11605
11606
11609
11610
11613
11615
11619
11620
11624
11625
11642
11645
11647
11651
11661
11666
11679
11680
11681
11688
11692
11704
11709
11714
11716
11720
11721
11761
11762
11770
11777
11785
11786
11788
11802
11814
11834
11859
11884
11886
11940
11941
11950
11955
11961
11973
12005
12040
12066
12094
12151
12229
12230
12294
12299
12316
12328
12360
12481
12642
12886
13040
13074
13135
13167
13497
13577
13615
13679
13930
14160
15386
15387
15388
15389
15390
15391
15392
15393
15394
15395
15396
15397
15398
15399
15400
15401
15402
15403
15404
15405
15406
15407
15408
15409
15410
15411
15412
15413
15414
15415
15416
15417
15418
15419
15420
15422
15423
15424
15425
15426
15427
15428
15429
15430
15431
15432
15433
15434
15435
15436
15437
15438
15439
15440
15441
15442
15443
15444
15445
15446
15447
15448
15449
15450
15451
15452
15453
15454
15455
15456
15457
15458
15459
15460
15461
15462
15463
15464
15465
15466
15467
15468
15469
15470
15471
15472
15473
15474
15475
15476
15477
15478
15479
15480
15481
15482
15483
15484
15485
15486
15487
15488
15489
15490
15491
15492
15493
15494
15495
15496
15497
15498
15499
15500
15501
15502
15503
15504
15505
15506
15507
15508
15509
15510
15511
15512
15513
15514
15515
15516
15517
15518
15521
15524
15542